1101120101001221
21110122222
22121111122211111
211111120122
2211211122200
2111111222
2212022221
2211222211222010111
222111122012020
201111111011211121
2210112110211121221
002111111110
2212111111111212
21221222200211
221201222021
222121100122110
21012120112110
212112020021022120
211111121221112112
22011111122110
221202121112121
22021120111
222220001222222
22111110212222
21222121221
222011122221
2111212111220
22121122122100002
21210211221
0110121112220201
22022110111211111
2211211122202
1211221122220000
2112112112212
21222210101011121
2211001201121100
2211212211000
202222212012210010
01222212222100
2112111122202222
2011122221202
22222222221221
2111211222
122221012102211
21111121112001111
1112111111
212112222200
22111112222200000
0202221212
1221121221
202222222102222022
221111222211
222121112122
2012121122
212011111222
221111111111
202111121122112
022222111111120
22112121201
1110121111022
2211111221220
2112111122002
2112100021210202
22210222212222121
2121021102222122
02021111222112121
11222101011221
2021112212222012
2122212201211
201121200211200
0112212202112
212121201212
21211211111
2112121010121210
22121111112
1012021221020
21212111012
111111022110
211200001001
211221111211101121
222221221020001
20122222112
211122020212222
211101011121020
222222110210220
21111211111221
2212211112222122
222221222100
2212001120101
022221122222222
121211211102112
201102221202
122122121122202222
12202121121
222111211220201
212111112002212
21122122221100
222110111021011
222110012122012111
22211112021211
221102110112
2212110112001102121
222212120021222222
2111210002200102111
2222221111202
210122221101111002
2222112122
2021222121
222222212111
2111112111112222
2012111111221121
211122222222
2211211122211211
20122110010022000
2211212222121
221122121111220100
22111022220222
22010111211122
22111211111120
2222222022
2122112212222
2212211111112012
22112112101211
211121111111222
222102220121211011
2220111122
22121212222
20112220211000202
222021121122112211
2121122202210101002
0111212020112121002
21211011022221
0110210111211
221122211211121
22211201110
22010221202220
2012222111
12201112112211
2211121110101112100
211111201012
02111221122122222
2212110212121121
221122022222222
211112110112
221222101222201
2200121022211221
21111112211
2211122222220221
22021111211
222102122102212210
01221120220122202
12221222112
0111121220101
1222221110
220120111112111110
022222022220020211
2101111221222
22202211210010000
222212011211121
2111021222111
21201111121
202221221102212
21120121121000000
022222221012
222222112112210
11211111211
2011111111121101
2211121111211111110
2112222222022221211
21110211222
222111021211
22110221121111
211111122222222220
221222200211021020
2221121020212221110
2221111012121
21122201220
2211111212100
211121221121210111
22010111122
2212211212
02122211022122120
22112111211
0021111101
2201122222
2222011201021212
121111121222
222211221221121
02101111102
2222211112
0012122121022
21120222220
221010222210100
22011020211211112
2210211222
2211112222122220
2201111201110
211011121111222
121122120210120110
212101222202111110
22121202212221222
0022122212
211121210222222
22221122122
2222222020220100022
22112211101122
22210221220
1212211121121122
2112122221
21211112021
21221120122121121
21210222211022
1222122220
22201221121121
0112212102110121
22110212221221
211121101221
2011120222
21122120212122222
21221011102211
2120111222221222222
2001222201010001222
22121212121220
220212212002
20121210222020
2111110021222
0222112221
200111122022202
220111111012202122
2212111211121112
22202222102011
212222221020121102
202211211112111
2202122122
11121112121
220120222211201
22211222021202
201212121121
2212111221212221221
212221222111211
22221111121022
2222100212222202222
2011221010211021
2022112222202011
1211120111110111122
2211221111122110110
21021122012221121
2211212001200111012
22011211021111221
221110200210110211
2211120122222001
11011112122012
22211220221122
2211122220220212222
22222222212101012
211111221212
2111212200221210
222102212222222222
222110221222212022
2221022122122
21222121012001101
22212102100
21021212102221
2202100222120000
222111111222222212
221101111111210022
22012211222
22012220212122
12111111120001
22120200000
212121111122210
222111112012220212
212211111111
2111111222
211212110000122
0211202122020
111111201212
200011120011021000
21122002100120011
222222210022
221110212222210
2012101221101222222
102202122120222222
21121200111
22120122212210000
222221111121221221
002111102222110
222211112222
2121112111222211012
221112111212121222
221011121122
22211211111
22211120201010
1101111111212112
211211212112120
22221212122210122
222111102111121
22110121121
222121101201221
222112022022000021
211121100121220212
201122200001101
2111111121121110220
2211011011
2211111112222
22211222212222122
2211212211221202212
2121222222222211
2222211011201121222
212121220022012
220121101111
21221112212021222
211122212211122221
202212212221222
22112112112111112
20212112100001110
22112212011121112
2101222212200210000
22022022212122
202222222210222
22211021112
1101121210
2202121122001020110
221112121220
220211121111112111
2112210111101
21122101011121212
222122121222101001
212111010201212
212201222111
2222222202212222
021222220122110
122221121201
2001212222220212
2222112202212000101
210110012122000011
02111221212200112
211111211222222012
02011210110212
21011222001000111
2211012122
2112221212111112101
2221212001020
2002222122222122202
22121211120
12122212122
22222222211112
22122111222022
2111121111
22211120111
012122222121200
2011211122021111202
002020222120
1021022111111
211022121011222
2222112222222212
22211111222101211
2011120020000
20111212222201
21121120111
21211222211111
222212220212212
211211202020
21121112221002022
22211121211212
2211201110112
2120111010021
2122222102110100002
22112211122201110
2222222020
1111101112
21121221201
200122222122
22212111222211211
11121102212021
22211121221120202
221211112121
222221111211012
2011001222220212
20211212101211
21221201121
0201101121121122
112202210222112
2111222122221221
11122212210
2112211012222
2021222221
20121101122111220
0212201110102102012
02202212222212110
221110102222111100
2112222112
2201112212222
2011112122221022220
22210012121
202122102111122222
0211111222022
02221102121111020
2011101121212
2212202000110
2121120121202122
22222201112100000
01112212010100
2211122121
21101101101
222111111212112211
2211221112121
2222221012220100010
211122212212
10211222101222201
2202112211122
2021202211210210110
222111122121122
2222210212222101
2012012222
2221111101222
02121111001
21112121102222221
22210011102
220122221121211011
2122112121212212221
2100020222
2221111212222220202
2211221200011
2122111111121
112212112222121
221021112220
2201011111121121
121101112111112
2222012111101122101
221111112212222221
21112112222
1121111121210121
222111101121211
2121202222001022
2202122222121000101
2122222222212
212221120102100201
2122022222210
21021112111
02011100111221101
22202220221010
2212212110212122122
22112222222
1112211202222122121
1211111122222222222
1111222111112
1111112110
2122212212221
211122122201011021
22220220021
222122222100002
2221022122222
21221112121222
21112012110120212
122021102112
2111111122210212221
2221122010111100100
2212112021
2111022011110020222
2210110212
21012112221
12220221211
221222112220
22111122210222
2202110101
210110122122112
2222011222212220
1111110012110221012
2222022111011021111
221221122122010102
211121111001
2121111101
221221221212211
2110201020101
2221202211
221111111212111112
22111211211121212
212101121112
1212211111200020
22021021122
22212122100122
2111121001111
122011221201
2212200202
2012112111221100200
1222221121
2111222212111121
22122212222222120
22212212111211121
212122210201121
1111111122122211121
222112022211211
021111121121021220
2222210210100001
01112221221
21221111212222221
122211112102212
20111121011111221
1110222110111121120
