16
11
17
12
13
10
10
19
15
18
19
12
16
14
12
15
14
18
18
14
15
11
15
14
11
12
13
17
11
16
17
13
16
13
17
16
13
18
14
16
13
14
10
15
17
10
12
17
10
10
18
12
12
10
12
12
15
15
11
13
13
13
16
17
16
17
14
16
13
15
13
12
11
16
11
13
11
12
12
18
15
11
15
15
15
14
16
12
13
15
15
12
18
11
15
15
14
15
18
14
12
19
18
19
13
18
10
10
12
16
16
12
16
17
13
18
14
14
14
10
13
16
14
15
18
10
11
17
18
19
19
14
13
15
11
14
10
14
19
12
17
16
15
12
15
16
11
16
11
18
17
11
13
10
18
18
13
17
15
13
11
15
17
12
15
11
16
19
19
11
12
14
18
18
19
13
11
13
18
11
10
17
11
10
10
16
12
15
11
10
13
11
15
17
10
16
13
15
18
18
17
10
15
11
19
14
11
16
10
11
17
14
10
14
16
14
12
10
17
14
19
19
14
12
14
13
10
15
18
16
14
18
15
10
11
15
14
12
19
15
14
19
16
16
19
19
17
19
17
18
16
14
14
19
17
12
16
18
18
13
17
11
14
16
18
18
11
14
14
11
15
18
12
10
15
13
12
18
17
12
15
19
18
11
17
18
15
12
19
18
12
11
14
16
15
17
15
11
15
18
18
15
19
10
13
17
19
16
19
15
12
17
18
15
17
17
17
19
14
15
11
10
19
12
18
13
17
18
15
12
16
15
12
16
19
18
17
18
14
17
10
19
13
19
11
11
14
14
10
11
15
19
12
13
15
16
17
13
14
11
14
15
12
17
14
13
13
19
17
10
10
11
12
17
14
17
12
15
16
14
11
16
15
16
11
13
10
17
19
17
18
10
13
19
11
18
13
17
13
13
16
17
14
10
11
18
13
19
12
17
13
19
15
16
10
13
11
17
11
18
19
10
19
13
13
15
12
16
15
19
18
11
16
15
16
19
13
18
13
11
17
14
19
11
19
19
13
10
13
18
11
15
13
14
17
12
19
19
10
19
10
11
11
12
14
10
15
16
19
19
18
12
10
15
13
10
18
17
12
16
11
14
13
12
10
19
10
16
17
17
15
19
15
18
16
11
17
15
17
19
