11101100010100
0000000001
0100012222102
0000101000000022
0211200000210121
0001100000020012
00000010022
00121200000
0001100000001110
1200102000200220022
01000000002
0000101021021110121
002101210000202002
200000000010012
111110001111121
000001111200102110
1001111000120011
20000001001000002
10000021001001001
2110101100
020200000001000021
000210000000100
1001110000
0011012101022
00100000021
00100000000111201
00001001001111202
020101000010010201
011000000000000
010011110000001221
01110000012011
1000001000000
020020210000002
10110111102200101
0001110000
10010002010
0010202000
00001001221121
0100002012
0102012002022
011100000001120010
00220000221
010020000220011222
000020001100120
10101202102110122
0000122010221102
2000101010210
0000200010
0000001001212221111
001100021102222220
01001121010020
0010000101020211021
020001100021120
002200000001021
000000111100
0000000001200
000210000020021
012001100010001
0022011110000200220
0100010021222121101
020200222220210
0002002110
00000012101122
00210001001001002
00110002021120021
010002002112222112
00012001011
00000110101010000
0102000011111212
0210000202002012001
0000000000101
02110122112222
0200001100002000
0000000010
0100102211000001
000100000000
00000000000010001
012000001200
0000000000001
0000000000
0000010102021010
2000200020122200
0000000012201
000101110010110000
00120001221202111
0000001120002200212
00000010000000
0001200100001002221
000022110212212
20001220020
00111101200000
010022121122211
0102100000010
000000002200100
0000000000112212
000000211112211222
2011002010
0001101212222
0000001220110001001
00000002000220000
2100110000
0011100202102112
0002002011
00020000000002
002001100200111
012011002102
100020000200011
000000001011010000
010021001200020202
20101211002
001000000000010
020001111222
000101000210
2000000011201
1010010020101
0100101010212212
010100210000010011
000112010100002221
0001111002002200
000000001102011
00000011101010
0000000110000000010
0012220201
1001002120002200
020001121110
00000010110
11001000000000000
11022000001010
21102012211002110
0002000010001
201002001000
0100012002201111
1000000010011000000
10000000000120
0220020000002
00000200001
0101111100000110
0000000122000022
0101000000
1000001112
00001001111
00010100112110
0211222210201020
0201111001220221111
0100222202112222
0020001102
0100100000000212
01100100000020101
002000011121211222
1100010000121221
00111000000200001
1000100010010
0001002211220
00101002001010010
0000020000
02100001100001000
001001202220110
0001111100121111
0011201111
0000200002121220122
20000011100200
01100101001100
112210000000201220
1011011010001
00022001100
0000000021020
01110010112102100
0200001000000110
00001001202
00011101000010
0211200010202011
200001000100200000
01110012002011
000010200000
01000000022102
000020101102111212
001001100111
101100100000001000
2010200210
0201110011000
2000011202100012
00000000000100
2200000002000
00000012110
0000000102
021010100010010001
00000000020010
101100021220212
0010002111
010010101001001122
0000020111
0021011011002
2000002000002010200
0112000200011
010001010022112110
1200111002
2110021211022
0001000001
0012010000102
00100010001000
10111022210020
02021001010110200
00022011002101221
00000111111210021
0120002100000020000
0011100020012212
0101000010011211
21200120102012121
10000011010200000
020111000000112001
100010020200100221
0200000101000020
0000010000121
022002222001101
0021111002121110
000000010100000
2000202200
10001000012010011
0110101222
0000100110
2111100000
0010102100222122
00000101112122122
000010000120000001
00020210210221120
02000001100221
000100021100000
00000110201112
1000100002012
000000010012
0122100010
00110002020202212
10010120221222
000001101021000001
01200121000102
0000000002
010011200101100
2000100110
001222222112
001010000011002
020000000010020121
1000200020
0011000000002000200
0100101212111221
0100200000021
00000021222111
201211100211111
1100020001200
002020100201
0002210001101022
1201011000
0210101100101200
00000000120222122
00111011002000
0000000002000100
001100000000
0000000010001212121
000011102121021
00200010100
000021110200
0012201122121112
200200101120120
0002000000
211101000000
011100002020011201
02120000222111
0100000000012112112
01020110202200
000001200101001
00000000011000200
000001100110110202
01010100000001
0102000010210
100112100100000000
00000000100001
0001011110
20101021201121121
2002010010
0000121000212
0010101000100021
102020002101
1011122202212222201
0001002100022101
22010000000010
000111221112
0001110221122
00001021221
00001100201001012
0000000101000201
0110021021
01000010002100
00000100000120
1220001221
00001100020001
200000002000001
010100000100
00000100000
020000101010022
0111000000000001002
0220000110
0001000000
0200021100000000
02002000001
010002211020112
00000020120011
020000001000
0021000102011210
000020000010
020210101100
02001211221
000100200221
2000020011100010011
0002210012110002
1001000100
00201010122102
0000000000000200
1000102000110222
002011002000011
01000000001
001120021211220
00200020010002
01222222112
0100000002
0002102101000
1001001011100100
000000100201102
001000001022001000
01102122212222
0000001112120
0200002001100001012
00000000000002
010000010000002
10000000001120
00002210000000012
00000120000012000
0011001022021001
010001100000111202
00220000012110
0010200000000
000002100012
00101222122
111020021122
01001020101
22011010011222111
000220100021000
021210001212111122
0100000212211210
000010010011110
001010002222202121
0000001011022101
001002001010
00222000201
2100201120
00000101000
00200011000110212
2000001000100000
1000001211222121221
0010010001
00000010000
001000022102201
011100102000
0120000100000
011100000100
110000000202
020100000210000
00000000002011112
0200012002
0000100012020122
00020010010100020
000111100122122
000200000021
01100212210220
000000211000
01001002000
00002001200022210
02000000000
021010211221110
0000012001200020
012002222221112220
1000000000100222
01000001121
00000111120000
000000020002000001
0000101210201200
000110001200002
0000200000110000001
0011020210021000
02000000000100100
0000001011000000
020010000002
01111101100110
102110022210
0001211001002
2000101101
001002002010002
2011000010110110
01000000000
00020000000
010101001100000000
0210001100021021120
222100001001100101
0000000020000000011
1010210011
200001002111
0110100012100
0002002000002000021
20000002001020000
0001102100
00111002212111202
12000021102111
000010000000
000000000001001
00001011020000200
2000020000011
0001000012
0200122202
22100020010
001201211221
000000012100
0001000002221201
000002000000
0101202001000
0010011001111101
010200001020101
02000001010202
0000010010
010020201201011212
010100001110
01000100020
00000010011
002000000000
00000000000000000
001000000001020202
00000000002
0000011001001000202
0000120111220000012
02000000001000
0010000111000
10000200000000000
0111021112222
000020020101
001012212011
00000000100021001
001100000010000202
0000001020000222222
00011102120121210
010101001012
0000000000000022020
00001002022101
2010100010101
20002000100010101
000101120211020010
000010001002
201000110000010020
110000000102
00000200000010002
00020000000002
000000020210001200
00110010001100100
00000000110100
00100000010021
0020001001202011
0011211220022021101
0000000002000
02111210100121
200020001120222121
0000110111002
000000001101
00010102112211221
0100001020010001
0110000100
2201002001102
00102220121202
0010000000001
00100100021000
01101011020
100111110010
20021000002200002
1002001101100010000
00201100000222112
000000100020121021
0000000100020
00000000000
0101001010000221112
0001000010201122
1000020200101020
0000000010
20100000000000
111000101000
0000000021111000101
001000001222221011
2200122120011121
0000000100111020021
00100100100221
01000000000
011120001201002
0000111020110
000000100021
00011101222122001
0001010020001000000
