14
10
13
16
16
16
11
11
16
19
11
19
18
15
15
18
16
17
17
10
18
15
10
13
11
17
17
18
15
18
14
13
15
17
10
11
10
14
10
13
18
11
18
15
17
16
13
10
19
18
14
19
15
15
12
13
15
15
19
19
15
10
14
17
17
18
11
17
16
19
13
14
16
10
16
12
17
12
13
10
16
16
13
18
17
19
14
19
15
11
14
15
13
15
16
18
10
13
19
17
10
16
10
14
15
12
15
18
18
11
15
12
12
13
13
16
18
18
16
15
14
19
10
16
12
11
17
14
17
13
12
16
19
14
13
11
16
16
10
10
11
14
16
19
16
10
16
17
18
16
17
13
13
17
10
17
15
16
10
19
14
14
18
13
11
13
17
16
11
14
16
18
14
12
14
18
12
18
10
13
16
14
13
11
10
18
14
15
10
18
10
13
19
13
18
10
13
10
13
14
14
17
17
17
19
16
16
17
17
18
18
16
13
15
16
15
10
17
10
10
10
16
17
18
17
14
15
14
13
12
10
17
14
18
14
10
15
10
12
15
18
10
19
16
13
14
15
13
12
16
10
16
17
14
16
12
19
15
11
12
16
15
10
12
18
14
19
14
15
17
18
14
13
18
14
10
17
10
13
16
12
19
16
14
12
13
11
17
16
10
14
14
10
14
15
12
11
15
19
10
10
16
11
15
14
12
16
12
12
11
12
19
16
10
14
16
16
15
11
15
14
11
10
13
16
15
18
14
13
19
14
15
14
17
17
16
18
14
13
12
11
12
11
17
15
18
16
15
18
16
12
11
10
11
17
16
19
10
11
15
12
13
12
12
15
17
10
16
17
15
12
14
12
11
17
11
15
16
18
16
11
14
18
16
15
19
16
17
16
12
14
12
13
10
15
16
11
11
18
19
18
19
10
12
13
19
17
10
17
14
12
15
17
13
10
10
11
12
12
16
12
13
16
15
14
10
18
12
11
11
12
17
18
11
19
19
14
13
17
13
12
12
17
18
19
17
12
19
14
13
17
18
12
18
12
17
14
18
17
14
14
16
19
13
14
18
13
12
17
16
10
13
14
13
14
11
12
17
19
17
18
13
11
19
16
16
10
14
12
19
18
16
19
14
11
15
13
12
17
19
